#Single SKU Max Power Table
#    OFDM 6 ~ 54 || HT20 MCS 0~15 || HT40 MCS 0~15 || VHT80 MCS 0~9 |
ch36 12 12 12 12 12 12 12 12 12 12 12 12 12 12 12 12 12 12 12 12 12 12 12 12 13 13 13 13 13 13 13 13 13 13 13 13 13 13 13 13 13 13 13 13 13 13 13 13 13 13
ch38 12 12 12 12 12 12 12 12 12 12 12 12 12 12 12 12 12 12 12 12 12 12 12 12 13 13 13 13 13 13 13 13 13 13 13 13 13 13 13 13 13 13 13 13 13 13 13 13 13 13
ch40 12 12 12 12 12 12 12 12 12 12 12 12 12 12 12 12 12 12 12 12 12 12 12 12 13 13 13 13 13 13 13 13 13 13 13 13 13 13 13 13 13 13 13 13 13 13 13 13 13 13
ch42 12 12 12 12 12 12 12 12 12 12 12 12 12 12 12 12 12 12 12 12 12 12 12 12 13 13 13 13 13 13 13 13 13 13 13 13 13 13 13 13 13 13 13 13 13 13 13 13 13 13
ch44 12 12 12 12 12 12 12 12 12 12 12 12 12 12 12 12 12 12 12 12 12 12 12 12 13 13 13 13 13 13 13 13 13 13 13 13 13 13 13 13 13 13 13 13 13 13 13 13 13 13
ch46 12 12 12 12 12 12 12 12 12 12 12 12 12 12 12 12 12 12 12 12 12 12 12 12 13 13 13 13 13 13 13 13 13 13 13 13 13 13 13 13 13 13 13 13 13 13 13 13 13 13
ch48 13 13 13 13 13 13 13 13 12 12 12 12 12 12 12 12 12 12 12 12 12 12 12 12 13 13 13 13 13 13 13 13 13 13 13 13 13 13 13 13 13 13 13 13 13 13 13 13 13 13
ch52 23 23 23 23 21 21 19 19 23 23 23 23 21 21 19 19 23 23 23 23 21 21 19 19 22 22 22 22 20 20 18 18 22 22 22 22 20 20 18 18 22 22 22 22 20 20 18 18 17 17
ch54 23 23 23 23 21 21 19 19 23 23 23 23 21 21 19 19 23 23 23 23 21 21 19 19 22 22 22 22 20 20 18 18 22 22 22 22 20 20 18 18 22 22 22 22 20 20 18 18 17 17
ch56 23 23 23 23 21 21 19 19 23 23 23 23 21 21 19 19 23 23 23 23 21 21 19 19 22 22 22 22 20 20 18 18 22 22 22 22 20 20 18 18 22 22 22 22 20 20 18 18 17 17
ch58 23 23 23 23 21 21 19 19 23 23 23 23 21 21 19 19 23 23 23 23 21 21 19 19 22 22 22 22 20 20 18 18 22 22 22 22 20 20 18 18 22 22 22 22 20 20 18 18 17 17
ch60 23 23 23 23 21 21 19 19 23 23 23 23 21 21 19 19 23 23 23 23 21 21 19 19 22 22 22 22 20 20 18 18 22 22 22 22 20 20 18 18 22 22 22 22 20 20 18 18 17 17
ch62 23 23 23 23 21 21 19 19 23 23 23 23 21 21 19 19 23 23 23 23 21 21 19 19 22 22 22 22 20 20 18 18 22 22 22 22 20 20 18 18 22 22 22 22 20 20 18 18 17 17
ch64 23 23 23 23 21 21 19 19 23 23 23 23 21 21 19 19 23 23 23 23 21 21 19 19 22 22 22 22 20 20 18 18 22 22 22 22 20 20 18 18 22 22 22 22 20 20 18 18 17 17
ch100 23 23 23 23 21 21 19 19 23 23 23 23 21 21 19 19 23 23 23 23 21 21 19 19 22 22 22 22 20 20 18 18 22 22 22 22 20 20 18 18 22 22 22 22 20 20 18 18 17 17
ch102 23 23 23 23 21 21 19 19 23 23 23 23 21 21 19 19 23 23 23 23 21 21 19 19 22 22 22 22 20 20 18 18 22 22 22 22 20 20 18 18 22 22 22 22 20 20 18 18 17 17
ch104 23 23 23 23 21 21 19 19 23 23 23 23 21 21 19 19 23 23 23 23 21 21 19 19 22 22 22 22 20 20 18 18 22 22 22 22 20 20 18 18 22 22 22 22 20 20 18 18 17 17
ch106 23 23 23 23 21 21 19 19 23 23 23 23 21 21 19 19 23 23 23 23 21 21 19 19 22 22 22 22 20 20 18 18 22 22 22 22 20 20 18 18 22 22 22 22 20 20 18 18 17 17
ch108 23 23 23 23 21 21 19 19 23 23 23 23 21 21 19 19 23 23 23 23 21 21 19 19 22 22 22 22 20 20 18 18 22 22 22 22 20 20 18 18 22 22 22 22 20 20 18 18 17 17
ch110 23 23 23 23 21 21 19 19 23 23 23 23 21 21 19 19 23 23 23 23 21 21 19 19 22 22 22 22 20 20 18 18 22 22 22 22 20 20 18 18 22 22 22 22 20 20 18 18 17 17
ch112 23 23 23 23 21 21 19 19 23 23 23 23 21 21 19 19 23 23 23 23 21 21 19 19 22 22 22 22 20 20 18 18 22 22 22 22 20 20 18 18 22 22 22 22 20 20 18 18 17 17
ch116 23 23 23 23 21 21 19 19 23 23 23 23 21 21 19 19 23 23 23 23 21 21 19 19 22 22 22 22 20 20 18 18 22 22 22 22 20 20 18 18 22 22 22 22 20 20 18 18 17 17
ch118 23 23 23 23 21 21 19 19 23 23 23 23 21 21 19 19 23 23 23 23 21 21 19 19 22 22 22 22 20 20 18 18 22 22 22 22 20 20 18 18 22 22 22 22 20 20 18 18 17 17
ch120 23 23 23 23 21 21 19 19 23 23 23 23 21 21 19 19 23 23 23 23 21 21 19 19 22 22 22 22 20 20 18 18 22 22 22 22 20 20 18 18 22 22 22 22 20 20 18 18 17 17
ch122 23 23 23 23 21 21 19 19 23 23 23 23 21 21 19 19 23 23 23 23 21 21 19 19 22 22 22 22 20 20 18 18 22 22 22 22 20 20 18 18 22 22 22 22 20 20 18 18 17 17
ch124 23 23 23 23 21 21 19 19 23 23 23 23 21 21 19 19 23 23 23 23 21 21 19 19 22 22 22 22 20 20 18 18 22 22 22 22 20 20 18 18 22 22 22 22 20 20 18 18 17 17
ch126 23 23 23 23 21 21 19 19 23 23 23 23 21 21 19 19 23 23 23 23 21 21 19 19 22 22 22 22 20 20 18 18 22 22 22 22 20 20 18 18 22 22 22 22 20 20 18 18 17 17
ch128 23 23 23 23 21 21 19 19 23 23 23 23 21 21 19 19 23 23 23 23 21 21 19 19 22 22 22 22 20 20 18 18 22 22 22 22 20 20 18 18 22 22 22 22 20 20 18 18 17 17
ch132 23 23 23 23 21 21 19 19 23 23 23 23 21 21 19 19 23 23 23 23 21 21 19 19 22 22 22 22 20 20 18 18 22 22 22 22 20 20 18 18 22 22 22 22 20 20 18 18 17 17
ch134 23 23 23 23 21 21 19 19 23 23 23 23 21 21 19 19 23 23 23 23 21 21 19 19 22 22 22 22 20 20 18 18 22 22 22 22 20 20 18 18 22 22 22 22 20 20 18 18 17 17
ch136 23 23 23 23 21 21 19 19 23 23 23 23 21 21 19 19 23 23 23 23 21 21 19 19 22 22 22 22 20 20 18 18 22 22 22 22 20 20 18 18 22 22 22 22 20 20 18 18 17 17
ch140 23 23 23 23 21 21 19 19 23 23 23 23 21 21 19 19 23 23 23 23 21 21 19 19 22 22 22 22 20 20 18 18 22 22 22 22 20 20 18 18 22 22 22 22 20 20 18 18 17 17
ch149 20 20 20 20 20 20 19 19 21 21 21 21 21 21 19 19 21 21 21 21 21 21 19 19 20 20 20 20 20 20 18 18 20 20 20 20 20 20 18 18 22 22 22 22 20 20 18 18 17 17
ch151 20 20 20 20 20 20 19 19 21 21 21 21 21 21 19 19 21 21 21 21 21 21 19 19 20 20 20 20 20 20 18 18 20 20 20 20 20 20 18 18 22 22 22 22 20 20 18 18 17 17
ch153 23 23 23 23 21 21 19 19 23 23 23 23 21 21 19 19 23 23 23 23 21 21 19 19 20 20 20 20 20 20 18 18 20 20 20 20 20 20 18 18 22 22 22 22 20 20 18 18 17 17
ch155 23 23 23 23 21 21 19 19 23 23 23 23 21 21 19 19 23 23 23 23 21 21 19 19 22 22 22 22 20 20 18 18 22 22 22 22 20 20 18 18 22 22 22 22 20 20 18 18 17 17
ch157 23 23 23 23 21 21 19 19 23 23 23 23 21 21 19 19 23 23 23 23 21 21 19 19 22 22 22 22 20 20 18 18 22 22 22 22 20 20 18 18 22 22 22 22 20 20 18 18 17 17
ch159 23 23 23 23 21 21 19 19 23 23 23 23 21 21 19 19 23 23 23 23 21 21 19 19 22 22 22 22 20 20 18 18 22 22 22 22 20 20 18 18 22 22 22 22 20 20 18 18 17 17
ch161 23 23 23 23 21 21 19 19 23 23 23 23 21 21 19 19 23 23 23 23 21 21 19 19 22 22 22 22 20 20 18 18 22 22 22 22 20 20 18 18 22 22 22 22 20 20 18 18 17 17
ch165 21 21 21 21 21 21 19 19 21 21 21 21 21 21 19 19 21 21 21 21 21 21 19 19 22 22 22 22 20 20 18 18 22 22 22 22 20 20 18 18 22 22 22 22 20 20 18 18 17 17
ch169 21 21 21 21 21 21 21 21 21 21 21 21 21 21 19 19 21 21 21 21 21 21 19 19 22 22 22 22 20 20 18 18 22 22 22 22 20 20 18 18 22 22 22 22 20 20 18 18 17 17
ch173 21 21 21 21 21 21 21 21 21 21 21 21 21 21 19 19 21 21 21 21 21 21 19 19 22 22 22 22 20 20 18 18 22 22 22 22 20 20 18 18 22 22 22 22 20 20 18 18 17 17
 # End of Single SKU Table# 
