######################
#Single SKU Max Power Table
#|CCK 1~11 || OFDM 6 ~ 54 || HT20 MCS 0~15 || HT40 MCS 0~15 |
ch1 19 19 19 19 16 16 16 16 16 16 16 16 15 15 15 15 15 15 15 15 15 15 15 15 15 15 15 15 
ch2 19 19 19 19 21 21 21 21 17 17 17 17 21 21 20 20 18 18 17 17 21 21 20 20 18 18 17 17 
ch3 19 19 19 19 21 21 21 21 17 17 17 17 21 21 20 20 18 18 17 17 21 21 20 20 18 18 17 17 12 12 12 12 12 12 12 12 12 12 12 12 12 12 12 12
ch4 19 19 19 19 21 21 21 21 17 17 17 17 21 21 20 20 18 18 17 17 21 21 20 20 18 18 17 17 16 16 16 16 16 16 16 16 16 16 16 16 16 16 16 16
ch5 19 19 19 19 21 21 21 21 17 17 17 17 21 21 20 20 18 18 17 17 21 21 20 20 18 18 17 17 16 16 16 16 16 16 16 16 16 16 16 16 16 16 16 16
ch6 19 19 19 19 21 21 21 21 17 17 17 17 21 21 20 20 18 18 17 17 21 21 20 20 18 18 17 17 16 16 16 16 16 16 16 16 16 16 16 16 16 16 16 16
ch7 19 19 19 19 21 21 21 21 17 17 17 17 21 21 20 20 18 18 17 17 21 21 20 20 18 18 17 17 16 16 16 16 16 16 16 16 16 16 16 16 16 16 16 16
ch8 19 19 19 19 21 21 21 21 17 17 17 17 21 21 20 20 18 18 17 17 21 21 20 20 18 18 17 17 16 16 16 16 16 16 16 16 16 16 16 16 16 16 16 16
ch9 19 19 19 19 21 21 21 21 17 17 17 17 21 21 20 20 18 18 17 17 21 21 20 20 18 18 17 17 12 12 12 12 12 12 12 12 12 12 12 12 12 12 12 12
ch10 19 19 19 19 21 21 21 21 17 17 17 17 21 21 20 20 18 18 17 17 21 21 20 20 18 18 17 17 12 12 12 12 12 12 12 12 12 12 12 12 12 12 12 12
ch11 19 19 19 19 16 16 16 16 16 16 16 16 15 15 15 15 15 15 15 15 15 15 15 15 15 15 15 15 12 12 12 12 12 12 12 12 12 12 12 12 12 12 12 12
ch12 19 19 19 19 16 16 16 16 16 16 16 16 15 15 15 15 15 15 15 15 15 15 15 15 15 15 15 15
ch13 19 19 19 19 16 16 16 16 16 16 16 16 15 15 15 15 15 15 15 15 15 15 15 15 15 15 15 15
ch14 19 19 19 19
################# 