######################
#Single SKU Max Power Table
#|CCK 1~11 || OFDM 6 ~ 54 || HT20 MCS 0~15 || HT40 MCS 0~15 |
ch1 21 21 21 21 21 21 21 21 17 17 17 17 21 21 20 20 18 18 17 17 21 21 20 20 18 18 17 17 
ch2 21 21 21 21 21 21 21 21 17 17 17 17 21 21 20 20 18 18 17 17 21 21 20 20 18 18 17 17 
ch3 21 21 21 21 21 21 21 21 17 17 17 17 21 21 20 20 18 18 17 17 21 21 20 20 18 18 17 17 20 20 19 19 17 17 16 16 20 20 19 19 17 17 16 16
ch4 21 21 21 21 21 21 21 21 17 17 17 17 21 21 20 20 18 18 17 17 21 21 20 20 18 18 17 17 20 20 19 19 17 17 16 16 20 20 19 19 17 17 16 16
ch5 21 21 21 21 21 21 21 21 17 17 17 17 21 21 20 20 18 18 17 17 21 21 20 20 18 18 17 17 20 20 19 19 17 17 16 16 20 20 19 19 17 17 16 16
ch6 21 21 21 21 21 21 21 21 17 17 17 17 21 21 20 20 18 18 17 17 21 21 20 20 18 18 17 17 20 20 19 19 17 17 16 16 20 20 19 19 17 17 16 16
ch7 21 21 21 21 21 21 21 21 17 17 17 17 21 21 20 20 18 18 17 17 21 21 20 20 18 18 17 17 20 20 19 19 17 17 16 16 20 20 19 19 17 17 16 16
ch8 21 21 21 21 21 21 21 21 17 17 17 17 21 21 20 20 18 18 17 17 21 21 20 20 18 18 17 17 20 20 19 19 17 17 16 16 20 20 19 19 17 17 16 16
ch9 21 21 21 21 21 21 21 21 17 17 17 17 21 21 20 20 18 18 17 17 21 21 20 20 18 18 17 17 20 20 19 19 17 17 16 16 20 20 19 19 17 17 16 16
ch10 21 21 21 21 21 21 21 21 17 17 17 17 21 21 20 20 18 18 17 17 21 21 20 20 18 18 17 17 20 20 19 19 17 17 16 16 20 20 19 19 17 17 16 16
ch11 21 21 21 21 21 21 21 21 17 17 17 17 21 21 20 20 18 18 17 17 21 21 20 20 18 18 17 17 20 20 19 19 17 17 16 16 20 20 19 19 17 17 16 16
ch12 21 21 21 21 21 21 21 21 17 17 17 17 21 21 20 20 18 18 17 17 21 21 20 20 18 18 17 17
ch13 21 21 21 21 21 21 21 21 17 17 17 17 21 21 20 20 18 18 17 17 21 21 20 20 18 18 17 17
ch14 15 15 15 15
################# 